27.77777777777773600000 55.55555555555552200000
48.24561403508767700000 81.87134502923972000000
65.78947368421047800000 105.26315789473684000000
90.64327485380110300000 137.42690058479531000000
147.66081871345023000000 109.64912280701752000000
173.97660818713445000000 166.66666666666666000000
204.67836257309938000000 188.59649122807016000000
242.69005847953213000000 198.83040935672511000000
289.47368421052624000000 127.19298245614029000000
255.84795321637418000000 102.33918128654969000000
222.22222222222217000000 80.40935672514618200000
184.21052631578945000000 57.01754385964906600000
143.27485380116954000000 36.54970760233915400000
100.87719298245608000000 29.23976608187127700000
